9780070004429 5
9780134685991 2
9780262011532 10
9780262367622 10
9780262510455 4
9780262510875 7
9788173715273 6
9780136006324 8
9780201455632 2
9780582844421 8
9781405837309 9
9783827328243 5
9788131769461 9
9780735636972 2
9789350041246 8
9780132119177 10
9788131722428 4
9781718502185 8
9781718502192 9
9780135956915 5
9780135956977 10
9781680501667 10
9789812708823 7
9780132542883 5
9780132911221 1
9780134494326 10
9780136083252 5
9781098144685 4
9781484234174 2
9780201309522 10
9798614976057 3
9781804618752 3
9781837632992 9
9781838985691 8
9781588168030 2
9780262692205 1
9780201715941 9
9780321630049 6
9781789957297 3
9781838824679 3
9781788837064 7
9781800562097 2
9781618126108 1
9781638351245 8
9781000852462 4
9780132928472 10
9780134843810 10
9781878289353 6
9781119528500 6
9786043040173 10
9780133065268 9
9780134757704 5
9780201485677 1
9780133488852 7
9780137926817 8
9780321635761 10
9780321635785 10
9780132119160 2
9780136322597 9
9781311287403 10
9781492095941 6
9781617795251 5
9781950508914 7
9786047026753 7
9786048978860 4
9789004457768 3
9789392240577 6
9789833490981 5
9780201038033 1
9780201038095 5
9780357670583 1
9781133187813 8
9780201760439 7
9780133492378 4
9780763737986 9
9781632912534 8
9783540781363 1
9780072322002 10
9780262358675 6
9781783481989 8
9781420084191 8
9788177583359 8
9781420049503 7
9783540361367 2
9780470372548 6
9780486419626 8
9787302638261 7
9788120348073 5
9781402087370 6
9786041030374 9
9780429979293 8
9783642002670 1
9786047773138 2
9788120329683 10
9781107185890 3
9781461264200 3
9783319204482 3
9783540397632 10
9783642291166 4
9781394192069 10
9781548987824 6
9781593275990 2
9781593279677 8
9781593279929 10
9781593279936 2
9781718503403 2
9781593279295 5
9781718502703 8
9781491946268 8
9781492056324 1
9781914045004 7
9781914045257 4
9781075311932 5
9781076374806 6
9781449357351 9
9781801852005 10
9798610851679 1
9781675026632 8
9781801188852 4
9780596001674 2
9780596554743 7
9781983702327 1
9780132778046 7
9780134686042 10
9780201791204 3
9781533251497 6
9787115628992 9
9788871927107 8
9781951783433 4
9781786463845 8
9781800205802 2
9781519602343 6
9781513677170 2
9784894714991 10
9781785281259 8
9781789349986 7
9786043199567 1
9781801071260 6
9798486031021 7
9781098135690 10
9781491989371 6
9781720682028 9
9780471317302 1
9780071606301 1
9780071808569 1
9780072263855 6
9781259589348 4
9781260440218 9
9781260440249 2
9781260463422 10
9781265058432 9
9781080656264 5
9780596004651 5
9780596005719 3
9781449331443 6
9780596554873 4
9780596809621 7
9780596527358 7
9781457189821 5
9781593272821 10
9781593272937 6
9781593275846 4
9781593276614 1
9781593279509 5
9781593279516 4
9781718504110 6
9780596005405 6
9780596101992 10
9780596554477 7
9781449308162 5
9781449308841 10
9781449336004 2
9781491951989 5
9781491952108 6
9788184041941 10
9781449380342 6
9781449390747 8
9780596007126 7
9781449340117 6
9780596101428 7
9781449335540 8
9781491904145 7
9781491904183 4
9781491905258 1
9781491924426 3
9781491924440 5
9798602477429 5
9798621536459 4
9780596555306 2
9780596553098 7
9781783980635 4
9781491924471 6
9780596551933 3
9780596554491 4
9781449379322 5
9781139461221 2
9781316626221 1
9781316875971 5
9781801826006 6
9781785284571 6
9780133086218 1
9788483221761 1
9781802350494 9
9781789533064 7
9781789348637 1
9781945388033 3
9781706469667 10
9781691352326 4
9780672334047 9
9781449335908 1
9781449335922 5
9781430239611 9
9781597455282 5
9788194401872 3
9780521277242 4
9780486172644 7
9781118717035 1
9780672322228 9
9781789342765 7
9781805122562 10
9788125912118 9
9780387334417 9
9781638356776 3
9780672331411 7
9781500481117 5
9780195188332 7
9781761032998 5
9780821847725 7
9798468216194 1
9789401731799 8
9780132797474 3
9781718501058 9
9781107057135 1
9781098151379 8
9780136042594 8
9781108843607 5
9781292037172 3
9781292153964 9
9781292401171 7
9789811681936 5
9783031454684 7
9783030141899 8
9783111289816 4
9781789534986 1
9789810600136 4
9783031037580 5
9781119845010 7
9789814477505 10
9789819719006 9
9781491914212 1
9781098155032 3
9781000369915 4
9781072943785 4
9781108486828 3
9781788293358 10
9781086102345 8
9781000753202 3
9783319944630 5
9789813272897 1
9798648686793 8
9789811660467 5
9780262012119 8
9780262358064 8
9781449369897 2
9781449369903 1
9780080509303 7
9780133594140 3
9780273775638 10
9781292405513 5
9788177588781 6
9788178087870 3
9780072554816 2
9780470398791 1
9780470917732 6
9780471364863 2
9781260084504 3
9788126509621 5
9789971512750 4
9789390761210 4
9781579550486 1
9781724264374 8
9781724417503 3
9780071315159 6
9788131760925 10
9783030157296 6
9788170089131 3
9781491976432 10
9780595375974 4
9783659281969 8
9781718500563 4
9780582844414 1
9789388176620 2
9780077103651 8
9780077144111 5
9788120328464 9
9788196241438 2
9780321670229 8
9780321670250 7
9781492033998 3
9781942788072 5
9781942788300 8
9781950508938 3
9781491951170 5
9780984782857 8
9780984782864 3
9781466208681 7
9781950508808 1
9781492029458 6
9783319594156 8
9781365340857 6
9781365340871 2
9781517331856 4
9781532791574 2
9780133415100 4
9781788838696 5
9781786468352 6
9781491978818 8
9783031591143 3
9781534644632 7
9781451578270 3
9781484250198 3
9781484243886 3
9786041160606 6
9781492083092 3
9781367510449 4
9786049317002 4
9781684542673 5
9781466698598 8
9781848829350 1
9783030343729 10
9781491927236 9
9781491927250 10
9781491927274 9
9781492052548 5
9789355510495 4
9783527413652 7
9780138203429 10
9788197059490 7
9781805125914 9
9798473825282 8
9780128095751 4
9781718500457 2
9786045876664 7
9780080502625 4
9781803240558 10
9781788470308 4
9781139510561 1
9798599709008 5
9798506527114 2
9781801079853 4
9781466639072 1
9781789340655 3
9780134034409 3
9780134854595 4
9780138172183 7
9787115634061 3
9781785280962 2
9781096755364 8
9781539103035 8
9780071819565 4
9781449369880 5
9780273775324 1
9781292038551 7
9788131764633 1
9789332586055 2
9781449390891 7
9780596555580 1
9781492057581 6
9783030712709 2
9781638353164 1
9781284180909 8
9780132850001 2
9781491910344 1
9781492097372 8
9789815124439 5
9781912764419 8
9781491910382 2
9781647260972 1
9781985670969 10
9780470127452 2
9781838823061 4
9781784392048 2
9781784392659 2
9781449653927 9
9781956102826 4
9781000204476 6
9781098142346 8
9781000530568 8
9781492093350 4
9781840788150 4
9781098103989 9
9781491957615 2
9781119547648 1
9781491901410 10
9781492041085 1
9781492041108 10
9781789953459 3
9781726020688 10
9781800565913 2
9781484209585 4
9781484239131 3
9781693541377 1
9783030689520 3
9781914167997 8
9781098122478 4
9781491962268 9
9781492032595 3
9787564188306 4
9787576605945 7
9781449374280 9
9781449374297 3
9789355517036 6
9780137891054 10
9781986318471 2
9783030870232 9
9780128112175 4
9781083050724 2
9781783555147 2
9781801816380 9
9781544370453 5
9798650069102 9
9781727618570 7
9781725929982 1
9780999773024 3
9780231556699 5
9783031702488 5
9781530135608 10
9780128219706 7
9789389423280 10
9781800203860 5
9780128213803 9
9781493682225 2
9781499720570 6
9781505714340 5
9780674983519 3
9781484226049 8
9783030214456 8
9788828321026 7
9781536939552 8
9780374715236 4
9788119534050 7
9780300216417 2
9781913340902 8
9781983247804 9
9781839107535 4
9781088935828 5
9780262535519 7
9780262560993 3
9780262561006 2
9798587309661 7
9781506720920 7
9781593272838 7
9781593272951 5
9781733045902 1
9780262561143 4
9781680501865 5
9781680502008 9
9781680502329 9
9781680502992 4
9781680506136 9
9798986871035 3
9781593274351 4
9781593273491 5
9781680505764 10
9781786462848 7
9781718501669 3
9781680505849 2
9781593275525 6
9781484223949 7
9781638354048 2
9781449369958 6
9780698411449 1
9781101499924 7
9781101537473 5
9781407245591 9
9781409127635 7
9781409138891 2
9781538748480 4
9781429957656 1
9781846570926 1
9786049950773 3
9781499462746 10
9786041118645 10
9786041142862 7
9788791615955 5
9789087698553 5
9781329249448 2
9781840225709 8
9786043068795 6
9780815412021 8
9781409077022 5
9786257287364 5
9798597776415 4
9780070488205 10
9780316569903 2
9780375430909 2
9781473562974 4
9781529160062 1
9781529160390 6
9781538732533 4
9781780899381 2
9781804948002 6
9781839020582 8
9781839023682 3
9780671028312 10
9780786451685 10
9781800342071 6
9781800346901 4
9781937994303 8
9781502627551 1
9780752441870 8
9781442277861 4
9782808005142 6
9781640190054 5
9781407093086 7
9780521626064 3
9780080924687 1
9781400830398 2
9786042320108 6
9786042333023 10
9780306469275 6
9781137344632 9
9781139497336 4
9780691150390 5
9781400874477 7
9780199219865 4
9780821843697 3
9781481798068 8
9780198531715 8
9787115214270 10
9783319122748 2
9781468483819 3
9780471625469 2
9783754331347 8
9781040028469 5
9780521722360 4
9783319937793 1
9789813201637 7
9781787056220 6
9789401125505 5
9781400870011 8
9780486158402 9
9781472136886 8
9780786489947 3
9781888603149 9
9781009009195 3
9781852339173 8
9780821894200 3
9783319034522 1
9780486320274 1
9780671208547 1
9781461211020 8
9783031315824 10
9783642221040 1
9781351689113 2
9789400765078 5
9781365642760 4
9781470463021 1
9781681230177 3
9781443803700 3
9781402033353 8
9783031232459 4
9783034808316 6
9781443822015 2
9780099173311 1
9780393339857 2
9780821803134 7
9786049716317 8
9786041016576 9
9786041183353 10
9780387216928 10
9781468493429 1
9781351557290 8
9780307485526 4
9786041017399 10
9780198865384 9
9780387902302 5
9780387950020 4
9781000855630 5
9781411642348 5
9781523504459 3
9780241882672 3
9780387946092 3
9781465394668 7
9781610694926 2
9781326589714 5
9781532653759 7
9780821826706 9
9781506249230 9
9780717205875 6
9781632120298 2
9786047792313 5
9781478638971 7
9780387982595 3
9780521460811 6
9783031649080 3
9798216041344 9
9781441986801 7
9780471368793 10
9781118626924 7
9780744078084 3
9781465499684 7
9780521127073 4
9789811246685 7
9781627340281 8
9780817646851 4
9789819923106 6
9780716724469 2
9781482258172 8
9780387331959 10
9780756688240 7
9780486806990 4
9780486155036 7
9781439894613 8
9780881958942 7
9780821839881 10
9781483282701 3
9780824791599 10
9783031395628 9
9780241452424 5
9780241689820 3
9781387103249 7
9781000337358 9
9781614445166 6
9781611976557 6
9781461261353 7
9783110666991 6
9780915692392 8
9781000597721 6
9781032919980 8
9781439894057 1
9780849371646 3
9789811237157 10
9780429981531 2
9780813346120 9
9780070856134 5
9781351436700 8
9780120502578 4
9780521592710 9
9781139435161 5
9783642750519 3
9781846281686 7
9788122403237 9
9781536191738 7
9783319969923 1
9780817644970 9
9780387952970 7
9781498702683 1
9780792369523 3
9783031378652 4
9783540761976 5
9780471526384 10
9783540403869 7
9789401018531 9
9781119062790 2
9780883859155 5
9781118165683 9
9781931233675 10
9780486134871 2
9780883859186 1
9783030451936 4
9780128010501 10
9780470317945 1
9781478639152 6
9781470474553 4
9781786343468 8
9780080547091 7
9780821841488 5
9781134672462 1
9781461200079 5
9780123948427 8
9780415977098 7
9783642383007 4
9780387855240 7
9780191604805 9
9781101212943 5
9781293565322 7
9780553804362 10
9780553896923 2
9786041012042 1
9780306836565 7
9780553176988 6
9780593040591 9
9786041013322 3
9780691165554 5
9783337348472 9
9798554851131 8
9780099110682 7
9780224076210 9
9780593315309 6
9781465523242 8
9780140092509 2
9781417702947 10
9781453221044 3
9781511689250 4
9786043949506 8
9781535410571 5
9780199976454 7
9781096133100 10
9786045393024 1
9780716733898 1
9780684842684 1
9789463008938 5
9781847652621 6
9780199566440 8
9788378862871 5
9786048666040 9
9786042141802 2
9786044775906 10
9786049895555 9
9786043652352 9
9786042125345 1
9786043921427 2
9780192834386 2
9781551113371 7
9783736804760 9
9780943610887 10
9781504062886 6
9781603848053 9
9780521596503 5
9781443432757 10
9780773522596 10
9789355223517 4
9780309165105 8
9781606085233 1
9798636250180 10
9781009240598 3
9781377200835 9
9781475052176 8
9781555763268 7
9783869924786 1
9798561956430 8
9780140449334 9
9781406510126 3
9781420926118 3
9781549786549 1
9781978158924 4
9786232422155 9
9798585849688 2
9798703857601 8
9781438125626 10
9798200952090 2
9781848136779 2
9781539687627 3
9789390504640 7
9780195144550 2
9781616353780 10
9780791093634 4
9781438114149 2
9781645421450 7
9780141970936 7
9781484395004 9
9780521316927 5
9798729662609 8
9782806279620 3
9781484387597 3
9780544183124 5
9780593597941 6
9781527507449 2
9780192834836 3
9781616401313 3
9781603841153 10
9780486407913 8
9781476632438 2
9786048699079 5
9781438983189 4
9781101513132 8
9783319981499 1
