9789401018531 10
9781119062790 10
9780883859155 10
9781118165683 10
9781931233675 10
9780486134871 10
9780883859186 10
9783030451936 10
9780128010501 10
9780470317945 10
9781478639152 10
9781470474553 10
9781786343468 10
9780080547091 10
9780821841488 10
9781134672462 10
9781461200079 10
9780123948427 10
9780415977098 10
9783642383007 10
9780387855240 10
9780191604805 10
9781101212943 10
9781293565322 10
9780553804362 10
9780553896923 10
9786041012042 10
9780306836565 10
9780553176988 10
9780593040591 10
9786041013322 10
9780691165554 10
9783337348472 10
9798554851131 10
9780099110682 10
9780224076210 10
9780593315309 10
9781465523242 10
9780140092509 10
9781417702947 10
